[gd_scene load_steps=7 format=2]

[ext_resource path="res://player/player.gd" type="Script" id=1]
[ext_resource path="res://player/camera.gd" type="Script" id=3]
[ext_resource path="res://gui/hud/HUD.tscn" type="PackedScene" id=4]

[sub_resource type="CylinderMesh" id=3]
radial_segments = 10
rings = 2

[sub_resource type="CapsuleShape" id=1]

[sub_resource type="BoxShape" id=2]

[node name="player" type="KinematicBody"]
script = ExtResource( 1 )

[node name="Ground" type="RayCast" parent="."]
enabled = true
cast_to = Vector3( 0, -3, 0 )

[node name="CamRay" type="RayCast" parent="."]
transform = Transform( 1, 0, 0, 0, 0.996172, -0.0874163, 0, 0.0874163, 0.996172, -0.231992, 5.72172, -1.70185 )
enabled = true
cast_to = Vector3( 0, 1.6, -10 )

[node name="CSGMesh" type="CSGMesh" parent="."]
transform = Transform( 0.580592, 0, 0, 0, 0.948643, 0, 0, 0, 0.543231, 0, 0.245661, 0 )
mesh = SubResource( 3 )

[node name="player-colision" type="CollisionShape" parent="."]
transform = Transform( 0.793549, 0, 0, 0, 0.948643, 0, 0, 0, 0.543231, 0, 0.245661, 0 )
shape = SubResource( 1 )

[node name="target" type="Spatial" parent="."]
transform = Transform( 1, 0, 0, 0, 1, 0, 0, 0, 1, 0.0238599, 0, 0 )

[node name="Camera" type="Camera" parent="target"]
transform = Transform( -0.999999, -0.000942312, 0.00127707, -0.000154357, 0.858592, 0.51266, -0.00157957, 0.512659, -0.858591, 0.030053, 17.2842, -25.852 )
current = true
script = ExtResource( 3 )

[node name="Traction" type="RayCast" parent="."]
transform = Transform( 1, 0, 0, 0, 0.945423, 0.325847, 0, -0.325847, 0.945423, 0, -0.360949, 0 )
enabled = true
cast_to = Vector3( 0, -2, 4 )

[node name="Area" type="Area" parent="."]
transform = Transform( 3.19486, 0.00483131, -0.000178656, -0.00748769, 2.0623, -0.00043197, 0.00203254, 0.00319361, 0.279221, -0.673149, 2.66501, 0.076087 )

[node name="CollisionShape" type="CollisionShape" parent="Area"]
transform = Transform( 0.341725, 0, 0, 0, 0.459445, 0, 0, 0, 0.295475, 0.166587, 0.107831, -2.46427 )
shape = SubResource( 2 )

[node name="HUD" parent="Area" instance=ExtResource( 4 )]
margin_top = 1.0
margin_right = 202.0
margin_bottom = 90.0
